1000
1.0
0.0
1.0990990990990992
0.0
1.1981981981981984
0.0
1.2972972972972976
0.0
1.3963963963963968
0.0
1.495495495495496
0.0
1.5945945945945952
0.0
1.6936936936936944
0.0
1.7927927927927936
0.0
1.8918918918918928
0.0
1.990990990990992
0.0
2.090090090090091
0.0
2.18918918918919
0.0
2.288288288288289
0.0
2.387387387387388
0.0
2.486486486486487
0.0
2.585585585585586
0.0
2.684684684684685
0.0
2.7837837837837838
0.0
2.8828828828828827
0.0
2.9819819819819817
0.0
3.0810810810810807
0.0
3.1801801801801797
0.0
3.2792792792792786
0.0
3.3783783783783776
0.0
3.4774774774774766
0.0
3.5765765765765756
0.0
3.6756756756756745
0.0
3.7747747747747735
0.0
3.8738738738738725
0.0
3.9729729729729715
0.0
4.0720720720720704
0.0
4.17117117117117
0.0
4.270270270270269
0.0
4.369369369369369
0.0
4.468468468468468
0.0
4.5675675675675675
0.0
4.666666666666667
0.0
4.765765765765766
0.0
4.864864864864866
0.0
4.963963963963965
0.0
5.063063063063065
0.0
5.162162162162164
0.0
5.2612612612612635
0.0
5.360360360360363
0.0
5.459459459459462
0.0
5.558558558558562
0.0
5.657657657657661
0.0
5.756756756756761
0.0
5.85585585585586
0.0
5.954954954954959
0.0
6.054054054054059
0.0
6.153153153153158
0.0
6.252252252252258
0.0
6.351351351351357
0.0
6.4504504504504565
0.0
6.549549549549556
0.0
6.648648648648655
0.0
6.747747747747755
0.0
6.846846846846854
0.0
6.945945945945954
0.0
7.045045045045053
0.0
7.144144144144152
0.0
7.243243243243252
0.0
7.342342342342351
0.0
7.441441441441451
0.0
7.54054054054055
0.0
7.6396396396396495
0.0
7.738738738738749
0.0
7.837837837837848
0.0
7.936936936936948
0.0
8.036036036036046
0.0
8.135135135135146
0.0
8.234234234234245
0.0
8.333333333333345
0.0
8.432432432432444
0.0
8.531531531531543
0.0
8.630630630630643
0.0
8.729729729729742
0.0
8.828828828828842
0.0
8.927927927927941
0.0
9.02702702702704
0.0
9.12612612612614
0.0
9.22522522522524
0.0
9.324324324324339
0.0
9.423423423423438
0.0
9.522522522522538
0.0
9.621621621621637
0.0
9.720720720720736
0.0
9.819819819819836
0.0
9.918918918918935
0.0
10.018018018018035
0.0
10.117117117117134
0.0
10.216216216216234
0.0
10.315315315315333
0.0
10.414414414414432
0.0
10.513513513513532
0.0
10.612612612612631
0.0
10.71171171171173
0.0
10.81081081081083
0.0
10.90990990990993
0.0
11.009009009009029
0.0
11.108108108108128
0.0
11.207207207207228
0.0
11.306306306306327
0.0
11.405405405405427
0.0
11.504504504504526
0.0
11.603603603603625
0.0
11.702702702702725
0.0
11.801801801801824
0.0
11.900900900900924
0.0
12.000000000000023
0.0
12.099099099099123
0.0
12.198198198198222
0.0
12.297297297297321
0.0
12.39639639639642
0.0
12.49549549549552
0.0
12.59459459459462
0.0
12.693693693693719
0.0
12.792792792792818
0.0
12.891891891891918
0.0
12.990990990991017
0.0
13.090090090090117
0.0
13.189189189189216
0.0
13.288288288288316
0.0
13.387387387387415
0.0
13.486486486486514
0.0
13.585585585585614
0.0
13.684684684684713
0.0
13.783783783783813
0.0
13.882882882882912
0.0
13.981981981982011
0.0
14.081081081081111
0.0
14.18018018018021
0.0
14.27927927927931
0.0
14.37837837837841
0.0
14.477477477477509
0.0
14.576576576576608
0.0
14.675675675675707
0.0
14.774774774774807
0.0
14.873873873873906
0.0
14.972972972973006
0.0
15.072072072072105
0.0
15.171171171171205
0.0
15.270270270270304
0.0
15.369369369369403
0.0
15.468468468468503
0.0
15.567567567567602
0.0
15.666666666666702
0.0
15.765765765765801
0.0
15.8648648648649
0.0
15.963963963964
0.0
16.063063063063098
0.0
16.162162162162197
0.0
16.261261261261296
0.0
16.360360360360396
0.0
16.459459459459495
0.0
16.558558558558595
0.0
16.657657657657694
0.0
16.756756756756793
0.0
16.855855855855893
0.0
16.954954954954992
0.0
17.05405405405409
0.0
17.15315315315319
0.0
17.25225225225229
0.0
17.35135135135139
0.0
17.45045045045049
0.0
17.54954954954959
0.0
17.648648648648688
0.0
17.747747747747788
0.0
17.846846846846887
0.0
17.945945945945986
0.0
18.045045045045086
0.0
18.144144144144185
0.0
18.243243243243285
0.0
18.342342342342384
0.0
18.441441441441484
0.0
18.540540540540583
0.0
18.639639639639682
0.0
18.738738738738782
0.0
18.83783783783788
0.0
18.93693693693698
0.0
19.03603603603608
0.0
19.13513513513518
0.0
19.23423423423428
0.0
19.33333333333338
0.0
19.432432432432478
0.0
19.531531531531577
0.0
19.630630630630677
0.0
19.729729729729776
0.0
19.828828828828875
0.0
19.927927927927975
0.0
20.027027027027074
0.0
20.126126126126174
0.0
20.225225225225273
0.0
20.324324324324373
0.0
20.423423423423472
0.0
20.52252252252257
0.0
20.62162162162167
0.0
20.72072072072077
0.0
20.81981981981987
0.0
20.91891891891897
0.0
21.01801801801807
0.0
21.117117117117168
0.0
21.216216216216267
0.0
21.315315315315367
0.0
21.414414414414466
0.0
21.513513513513566
0.0
21.612612612612665
0.0
21.711711711711764
0.0
21.810810810810864
0.0
21.909909909909963
0.0
22.009009009009063
0.0
22.108108108108162
0.0
22.20720720720726
0.0
22.30630630630636
0.0
22.40540540540546
0.0
22.50450450450456
0.0
22.60360360360366
0.0
22.70270270270276
0.0
22.801801801801858
0.0
22.900900900900957
0.0
23.000000000000057
0.0
23.099099099099156
0.0
23.198198198198256
0.0
23.297297297297355
0.0
23.396396396396455
0.0
23.495495495495554
0.0
23.594594594594653
0.0
23.693693693693753
0.0
23.792792792792852
0.0
23.89189189189195
0.0
23.99099099099105
0.0
24.09009009009015
0.0
24.18918918918925
0.0
24.28828828828835
0.0
24.38738738738745
0.0
24.486486486486548
0.0
24.585585585585648
0.0
24.684684684684747
0.0
24.783783783783846
0.0
24.882882882882946
0.0
24.981981981982045
0.0
25.081081081081145
0.0
25.180180180180244
0.0
25.279279279279343
0.0
25.378378378378443
0.0
25.477477477477542
0.0
25.57657657657664
0.0
25.67567567567574
0.0
25.77477477477484
0.0
25.87387387387394
0.0
25.97297297297304
0.0
26.07207207207214
0.0
26.17117117117124
0.0
26.270270270270338
0.0
26.369369369369437
0.0
26.468468468468537
0.0
26.567567567567636
0.0
26.666666666666735
0.0
26.765765765765835
0.0
26.864864864864934
0.0
26.963963963964034
0.0
27.063063063063133
0.0
27.162162162162232
0.0
27.261261261261332
0.0
27.36036036036043
0.0
27.45945945945953
0.0
27.55855855855863
0.0
27.65765765765773
0.0
27.75675675675683
0.0
27.85585585585593
0.0
27.954954954955028
0.0
28.054054054054127
0.0
28.153153153153227
0.0
28.252252252252326
0.0
28.351351351351425
0.0
28.450450450450525
0.0
28.549549549549624
0.0
28.648648648648724
0.0
28.747747747747823
0.0
28.846846846846923
0.0
28.945945945946022
0.0
29.04504504504512
0.0
29.14414414414422
0.0
29.24324324324332
0.0
29.34234234234242
0.0
29.44144144144152
0.0
29.54054054054062
0.0
29.639639639639718
0.0
29.738738738738817
0.0
29.837837837837917
0.0
29.936936936937016
0.0
30.036036036036116
0.0
30.135135135135215
0.0
30.234234234234314
0.0
30.333333333333414
0.0
30.432432432432513
0.0
30.531531531531613
0.0
30.630630630630712
0.0
30.72972972972981
0.0
30.82882882882891
0.0
30.92792792792801
0.0
31.02702702702711
0.0
31.12612612612621
0.0
31.22522522522531
0.0
31.324324324324408
0.0
31.423423423423507
0.0
31.522522522522607
0.0
31.621621621621706
0.0
31.720720720720806
0.0
31.819819819819905
0.0
31.918918918919005
0.0
32.018018018018104
0.0
32.1171171171172
0.0
32.2162162162163
0.0
32.3153153153154
0.0
32.4144144144145
0.0
32.5135135135136
0.0
32.6126126126127
0.0
32.7117117117118
0.0
32.8108108108109
0.0
32.90990990991
0.0
33.0090090090091
0.0
33.1081081081082
0.0
33.2072072072073
0.0
33.306306306306396
0.0
33.405405405405496
0.0
33.504504504504595
0.0
33.603603603603695
0.0
33.702702702702794
0.0
33.80180180180189
0.0
33.90090090090099
0.0
34.00000000000009
0.0
34.09909909909919
0.0
34.19819819819829
0.0
34.29729729729739
0.0
34.39639639639649
0.0
34.49549549549559
0.0
34.59459459459469
0.0
34.69369369369379
0.0
34.79279279279289
0.0
34.89189189189199
0.0
34.99099099099109
0.0
35.090090090090186
0.0
35.189189189189285
0.0
35.288288288288385
0.0
35.387387387387484
0.0
35.486486486486584
0.0
35.58558558558568
0.0
35.68468468468478
0.0
35.78378378378388
0.0
35.88288288288298
0.0
35.98198198198208
0.0
36.08108108108118
0.0
36.18018018018028
0.0
36.27927927927938
0.0
36.37837837837848
0.0
36.47747747747758
0.0
36.57657657657668
0.0
36.67567567567578
0.0
36.774774774774876
0.0
36.873873873873976
0.0
36.972972972973075
0.0
37.072072072072174
0.0
37.171171171171274
0.0
37.27027027027037
0.0
37.36936936936947
0.0
37.46846846846857
0.0
37.56756756756767
0.0
37.66666666666677
0.0
37.76576576576587
0.0
37.86486486486497
0.0
37.96396396396407
0.0
38.06306306306317
0.0
38.16216216216227
0.0
38.26126126126137
0.0
38.36036036036047
0.0
38.459459459459566
0.0
38.558558558558666
0.0
38.657657657657765
0.0
38.756756756756864
0.0
38.855855855855964
0.0
38.95495495495506
0.0
39.05405405405416
0.0
39.15315315315326
0.0
39.25225225225236
0.0
39.35135135135146
0.0
39.45045045045056
0.0
39.54954954954966
0.0
39.64864864864876
0.0
39.74774774774786
0.0
39.84684684684696
0.0
39.94594594594606
0.0
40.04504504504516
0.0
40.144144144144256
0.0
40.243243243243356
0.0
40.342342342342455
0.0
40.441441441441555
0.0
40.540540540540654
0.0
40.63963963963975
0.0
40.73873873873885
0.0
40.83783783783795
0.0
40.93693693693705
0.0
41.03603603603615
0.0
41.13513513513525
0.0
41.23423423423435
0.0
41.33333333333345
0.0
41.43243243243255
0.0
41.53153153153165
0.0
41.63063063063075
0.0
41.72972972972985
0.0
41.82882882882895
0.0
41.927927927928046
0.0
42.027027027027145
0.0
42.126126126126245
0.0
42.225225225225344
0.0
42.324324324324444
0.0
42.42342342342354
0.0
42.52252252252264
0.0
42.62162162162174
0.0
42.72072072072084
0.0
42.81981981981994
0.0
42.91891891891904
0.0
43.01801801801814
0.0
43.11711711711724
0.0
43.21621621621634
0.0
43.31531531531544
0.0
43.41441441441454
0.0
43.51351351351364
0.0
43.612612612612736
0.0
43.711711711711835
0.0
43.810810810810935
0.0
43.909909909910034
0.0
44.009009009009134
0.0
44.10810810810823
0.0
44.20720720720733
0.0
44.30630630630643
0.0
44.40540540540553
0.0
44.50450450450463
0.0
44.60360360360373
0.0
44.70270270270283
0.0
44.80180180180193
0.0
44.90090090090103
0.0
45.00000000000013
0.0
45.09909909909923
0.0
45.19819819819833
0.0
45.297297297297426
0.0
45.396396396396526
0.0
45.495495495495625
0.0
45.594594594594724
0.0
45.693693693693824
0.0
45.79279279279292
0.0
45.89189189189202
0.0
45.99099099099112
0.0
46.09009009009022
0.0
46.18918918918932
0.0
46.28828828828842
0.0
46.38738738738752
0.0
46.48648648648662
0.0
46.58558558558572
0.0
46.68468468468482
0.0
46.78378378378392
0.0
46.88288288288302
0.0
46.981981981982116
0.0
47.081081081081216
0.0
47.180180180180315
0.0
47.279279279279415
0.0
47.378378378378514
0.0
47.47747747747761
0.0
47.57657657657671
0.0
47.67567567567581
0.0
47.77477477477491
0.0
47.87387387387401
0.0
47.97297297297311
0.0
48.07207207207221
0.0
48.17117117117131
0.0
48.27027027027041
0.0
48.36936936936951
0.0
48.46846846846861
0.0
48.56756756756771
0.0
48.666666666666806
0.0
48.765765765765906
0.0
48.864864864865005
0.0
48.963963963964105
0.0
49.063063063063204
0.0
49.1621621621623
0.0
49.2612612612614
0.0
49.3603603603605
0.0
49.4594594594596
0.0
49.5585585585587
0.0
49.6576576576578
0.0
49.7567567567569
0.0
49.855855855856
0.0
49.9549549549551
0.0
50.0540540540542
0.0
50.1531531531533
0.0
50.2522522522524
0.0
50.3513513513515
0.0
50.450450450450596
0.0
50.549549549549695
0.0
50.648648648648795
0.0
50.747747747747894
0.0
50.846846846846994
0.0
50.94594594594609
0.0
51.04504504504519
0.0
51.14414414414429
0.0
51.24324324324339
0.0
51.34234234234249
0.0
51.44144144144159
0.0
51.54054054054069
0.0
51.63963963963979
0.0
51.73873873873889
0.0
51.83783783783799
0.0
51.93693693693709
0.0
52.03603603603619
0.0
52.135135135135286
0.0
52.234234234234385
0.0
52.333333333333485
0.0
52.432432432432584
0.0
52.531531531531684
0.0
52.63063063063078
0.0
52.72972972972988
0.0
52.82882882882898
0.0
52.92792792792808
0.0
53.02702702702718
0.0
53.12612612612628
0.0
53.22522522522538
0.0
53.32432432432448
0.0
53.42342342342358
0.0
53.52252252252268
0.0
53.62162162162178
0.0
53.72072072072088
0.0
53.819819819819976
0.0
53.918918918919076
0.0
54.018018018018175
0.0
54.117117117117274
0.0
54.216216216216374
0.0
54.31531531531547
0.0
54.41441441441457
0.0
54.51351351351367
0.0
54.61261261261277
0.0
54.71171171171187
0.0
54.81081081081097
0.0
54.90990990991007
0.0
55.00900900900917
0.0
55.10810810810827
0.0
55.20720720720737
0.0
55.30630630630647
0.0
55.40540540540557
0.0
55.504504504504666
0.0
55.603603603603766
0.0
55.702702702702865
0.0
55.801801801801965
0.0
55.900900900901064
0.0
56.00000000000016
0.0
56.09909909909926
0.0
56.19819819819836
0.0
56.29729729729746
0.0
56.39639639639656
0.0
56.49549549549566
0.0
56.59459459459476
0.0
56.69369369369386
0.0
56.79279279279296
0.0
56.89189189189206
0.0
56.99099099099116
0.0
57.09009009009026
0.0
57.18918918918936
0.0
57.288288288288456
0.0
57.387387387387555
0.0
57.486486486486655
0.0
57.585585585585754
0.0
57.68468468468485
0.0
57.78378378378395
0.0
57.88288288288305
0.0
57.98198198198215
0.0
58.08108108108125
0.0
58.18018018018035
0.0
58.27927927927945
0.0
58.37837837837855
0.0
58.47747747747765
0.0
58.57657657657675
0.0
58.67567567567585
0.0
58.77477477477495
0.0
58.87387387387405
0.0
58.972972972973146
0.0
59.072072072072245
0.0
59.171171171171345
0.0
59.270270270270444
0.0
59.369369369369544
0.0
59.46846846846864
0.0
59.56756756756774
0.0
59.66666666666684
0.0
59.76576576576594
0.0
59.86486486486504
0.0
59.96396396396414
0.0
60.06306306306324
0.0
60.16216216216234
0.0
60.26126126126144
0.0
60.36036036036054
0.0
60.45945945945964
0.0
60.55855855855874
0.0
60.657657657657836
0.0
60.756756756756936
0.0
60.855855855856035
0.0
60.954954954955134
0.0
61.054054054054234
0.0
61.15315315315333
0.0
61.25225225225243
0.0
61.35135135135153
0.0
61.45045045045063
0.0
61.54954954954973
0.0
61.64864864864883
0.0
61.74774774774793
0.0
61.84684684684703
0.0
61.94594594594613
0.0
62.04504504504523
0.0
62.14414414414433
0.0
62.24324324324343
0.0
62.342342342342526
0.0
62.441441441441626
0.0
62.540540540540725
0.0
62.639639639639825
0.0
62.738738738738924
0.0
62.83783783783802
0.0
62.93693693693712
0.0
63.03603603603622
0.0
63.13513513513532
0.0
63.23423423423442
0.0
63.33333333333352
0.0
63.43243243243262
0.0
63.53153153153172
0.0
63.63063063063082
0.0
63.72972972972992
0.0
63.82882882882902
0.0
63.92792792792812
0.0
64.02702702702722
0.0
64.12612612612631
0.0
64.2252252252254
0.0
64.3243243243245
0.0
64.42342342342359
0.0
64.52252252252268
0.0
64.62162162162177
0.0
64.72072072072086
0.0
64.81981981981995
0.0
64.91891891891905
0.0
65.01801801801814
0.0
65.11711711711723
0.0
65.21621621621632
0.0
65.31531531531542
0.0
65.41441441441451
0.0
65.5135135135136
0.0
65.6126126126127
0.0
65.71171171171179
0.0
65.81081081081088
0.0
65.90990990990997
0.0
66.00900900900906
0.0
66.10810810810815
0.0
66.20720720720725
0.0
66.30630630630634
0.0
66.40540540540543
0.0
66.50450450450452
0.0
66.60360360360362
0.0
66.70270270270271
0.0
66.8018018018018
0.0
66.9009009009009
0.0
66.99999999999999
0.0
67.09909909909908
0.0
67.19819819819817
0.0
67.29729729729726
0.0
67.39639639639636
0.0
67.49549549549545
0.0
67.59459459459454
0.0
67.69369369369363
0.0
67.79279279279272
0.0
67.89189189189182
0.0
67.99099099099091
0.0
68.09009009009
0.0
68.1891891891891
0.0
68.28828828828819
0.0
68.38738738738728
0.0
68.48648648648637
0.0
68.58558558558546
0.0
68.68468468468456
0.0
68.78378378378365
0.0
68.88288288288274
0.0
68.98198198198183
0.0
69.08108108108092
0.0
69.18018018018002
0.0
69.27927927927911
0.0
69.3783783783782
0.0
69.4774774774773
0.0
69.57657657657639
0.0
69.67567567567548
0.0
69.77477477477457
0.0
69.87387387387366
0.0
69.97297297297276
0.0
70.07207207207185
0.0
70.17117117117094
0.0
70.27027027027003
0.0
70.36936936936912
0.0
70.46846846846822
0.0
70.56756756756731
0.0
70.6666666666664
0.0
70.7657657657655
0.0
70.86486486486459
0.0
70.96396396396368
0.0
71.06306306306277
0.0
71.16216216216186
0.0
71.26126126126096
0.0
71.36036036036005
0.0
71.45945945945914
0.0
71.55855855855823
0.0
71.65765765765732
0.0
71.75675675675642
0.0
71.85585585585551
0.0
71.9549549549546
0.0
72.0540540540537
0.0
72.15315315315279
0.0
72.25225225225188
0.0
72.35135135135097
0.0
72.45045045045006
0.0
72.54954954954916
0.0
72.64864864864825
0.0
72.74774774774734
0.0
72.84684684684643
0.0
72.94594594594552
0.0
73.04504504504462
0.0
73.14414414414371
0.0
73.2432432432428
0.0
73.3423423423419
0.0
73.44144144144099
0.0
73.54054054054008
0.0
73.63963963963917
0.0
73.73873873873826
0.0
73.83783783783736
0.0
73.93693693693645
0.0
74.03603603603554
0.0
74.13513513513463
0.0
74.23423423423372
0.0
74.33333333333282
0.0
74.43243243243191
0.0
74.531531531531
0.0
74.6306306306301
0.0
74.72972972972919
0.0
74.82882882882828
0.0
74.92792792792737
0.0
75.02702702702646
0.0
75.12612612612556
0.0
75.22522522522465
0.0
75.32432432432374
0.0
75.42342342342283
0.0
75.52252252252192
0.0
75.62162162162102
0.0
75.72072072072011
0.0
75.8198198198192
0.0
75.9189189189183
0.0
76.01801801801739
0.0
76.11711711711648
0.0
76.21621621621557
0.0
76.31531531531466
0.0
76.41441441441376
0.0
76.51351351351285
0.0
76.61261261261194
0.0
76.71171171171103
0.0
76.81081081081012
0.0
76.90990990990922
0.0
77.00900900900831
0.0
77.1081081081074
0.0
77.2072072072065
0.0
77.30630630630559
0.0
77.40540540540468
0.0
77.50450450450377
0.0
77.60360360360286
0.0
77.70270270270196
0.0
77.80180180180105
0.0
77.90090090090014
0.0
77.99999999999923
0.0
78.09909909909832
0.0
78.19819819819742
0.0
78.29729729729651
0.0
78.3963963963956
0.0
78.4954954954947
0.0
78.59459459459379
0.0
78.69369369369288
0.0
78.79279279279197
0.0
78.89189189189106
0.0
78.99099099099016
0.0
79.09009009008925
0.0
79.18918918918834
0.0
79.28828828828743
0.0
79.38738738738653
0.0
79.48648648648562
0.0
79.58558558558471
0.0
79.6846846846838
0.0
79.7837837837829
0.0
79.88288288288199
0.0
79.98198198198108
0.0
80.08108108108017
0.0
80.18018018017926
0.0
80.27927927927836
0.0
80.37837837837745
0.0
80.47747747747654
0.0
80.57657657657563
0.0
80.67567567567473
0.0
80.77477477477382
0.0
80.87387387387291
0.0
80.972972972972
0.0
81.0720720720711
0.0
81.17117117117019
0.0
81.27027027026928
0.0
81.36936936936837
0.0
81.46846846846746
0.0
81.56756756756656
0.0
81.66666666666565
0.0
81.76576576576474
0.0
81.86486486486383
0.0
81.96396396396293
0.0
82.06306306306202
0.0
82.16216216216111
0.0
82.2612612612602
0.0
82.3603603603593
0.0
82.45945945945839
0.0
82.55855855855748
0.0
82.65765765765657
0.0
82.75675675675566
0.0
82.85585585585476
0.0
82.95495495495385
0.0
83.05405405405294
0.0
83.15315315315203
0.0
83.25225225225113
0.0
83.35135135135022
0.0
83.45045045044931
0.0
83.5495495495484
0.0
83.6486486486475
0.0
83.74774774774659
0.0
83.84684684684568
0.0
83.94594594594477
0.0
84.04504504504386
0.0
84.14414414414296
0.0
84.24324324324205
0.0
84.34234234234114
0.0
84.44144144144023
0.0
84.54054054053933
0.0
84.63963963963842
0.0
84.73873873873751
0.0
84.8378378378366
0.0
84.9369369369357
0.0
85.03603603603479
0.0
85.13513513513388
0.0
85.23423423423297
0.0
85.33333333333206
0.0
85.43243243243116
0.0
85.53153153153025
0.0
85.63063063062934
0.0
85.72972972972843
0.0
85.82882882882753
0.0
85.92792792792662
0.0
86.02702702702571
0.0
86.1261261261248
0.0
86.2252252252239
0.0
86.32432432432299
0.0
86.42342342342208
0.0
86.52252252252117
0.0
86.62162162162026
0.0
86.72072072071936
0.0
86.81981981981845
0.0
86.91891891891754
0.0
87.01801801801663
0.0
87.11711711711573
0.0
87.21621621621482
0.0
87.31531531531391
0.0
87.414414414413
0.0
87.5135135135121
0.0
87.61261261261119
0.0
87.71171171171028
0.0
87.81081081080937
0.0
87.90990990990846
0.0
88.00900900900756
0.0
88.10810810810665
0.0
88.20720720720574
0.0
88.30630630630483
0.0
88.40540540540393
0.0
88.50450450450302
0.0
88.60360360360211
0.0
88.7027027027012
0.0
88.8018018018003
0.0
88.90090090089939
0.0
88.99999999999848
0.0
89.09909909909757
0.0
89.19819819819666
0.0
89.29729729729576
0.0
89.39639639639485
0.0
89.49549549549394
0.0
89.59459459459303
0.0
89.69369369369213
0.0
89.79279279279122
0.0
89.89189189189031
0.0
89.9909909909894
0.0
90.0900900900885
0.0
90.18918918918759
0.0
90.28828828828668
0.0
90.38738738738577
0.0
90.48648648648486
0.0
90.58558558558396
0.0
90.68468468468305
0.0
90.78378378378214
0.0
90.88288288288123
0.0
90.98198198198033
0.0
91.08108108107942
0.0
91.18018018017851
0.0
91.2792792792776
0.0
91.3783783783767
0.0
91.47747747747579
0.0
91.57657657657488
0.0
91.67567567567397
0.0
91.77477477477306
0.0
91.87387387387216
0.0
91.97297297297125
0.0
92.07207207207034
0.0
92.17117117116943
0.0
92.27027027026853
0.0
92.36936936936762
0.0
92.46846846846671
0.0
92.5675675675658
0.0
92.6666666666649
0.0
92.76576576576399
0.0
92.86486486486308
0.0
92.96396396396217
0.0
93.06306306306126
0.0
93.16216216216036
0.0
93.26126126125945
0.0
93.36036036035854
0.0
93.45945945945763
0.0
93.55855855855673
0.0
93.65765765765582
0.0
93.75675675675491
0.0
93.855855855854
0.0
93.9549549549531
0.0
94.05405405405219
0.0
94.15315315315128
0.0
94.25225225225037
0.0
94.35135135134946
0.0
94.45045045044856
0.0
94.54954954954765
0.0
94.64864864864674
0.0
94.74774774774583
0.0
94.84684684684493
0.0
94.94594594594402
0.0
95.04504504504311
0.0
95.1441441441422
0.0
95.2432432432413
0.0
95.34234234234039
0.0
95.44144144143948
0.0
95.54054054053857
0.0
95.63963963963766
0.0
95.73873873873676
0.0
95.83783783783585
0.0
95.93693693693494
0.0
96.03603603603403
0.0
96.13513513513313
0.0
96.23423423423222
0.0
96.33333333333131
0.0
96.4324324324304
0.0
96.5315315315295
0.0
96.63063063062859
0.0
96.72972972972768
0.0
96.82882882882677
0.0
96.92792792792586
0.0
97.02702702702496
0.0
97.12612612612405
0.0
97.22522522522314
0.0
97.32432432432223
0.0
97.42342342342133
0.0
97.52252252252042
0.0
97.62162162161951
0.0
97.7207207207186
0.0
97.8198198198177
0.0
97.91891891891679
0.0
98.01801801801588
0.0
98.11711711711497
0.0
98.21621621621406
0.0
98.31531531531316
0.0
98.41441441441225
0.0
98.51351351351134
0.0
98.61261261261043
0.0
98.71171171170953
0.0
98.81081081080862
0.0
98.90990990990771
0.0
99.0090090090068
0.0
99.1081081081059
0.0
99.20720720720499
0.0
99.30630630630408
0.0
99.40540540540317
0.0
99.50450450450226
0.0
99.60360360360136
0.0
99.70270270270045
0.0
99.80180180179954
0.0
99.90090090089863
0.0
99.99999999999773
0.0
