25
0.0
0.0
4.166666666666667
0.0
8.333333333333334
0.0
12.5
0.0
16.666666666666668
0.0
20.833333333333336
0.0
25.000000000000004
0.0
29.16666666666667
0.0
33.333333333333336
0.0
37.5
0.0
41.666666666666664
0.0
45.83333333333333
0.0
49.99999999999999
0.0
54.16666666666666
0.0
58.33333333333332
0.0
62.499999999999986
0.0
66.66666666666666
0.0
70.83333333333333
0.0
75.0
0.0
79.16666666666667
0.0
83.33333333333334
0.0
87.50000000000001
0.0
91.66666666666669
0.0
95.83333333333336
0.0
100.00000000000003
0.0
