300
0.0
0.0
0.33444816053511706
0.0
0.6688963210702341
0.0
1.0033444816053512
0.0
1.3377926421404682
0.0
1.6722408026755853
0.0
2.0066889632107023
0.0
2.3411371237458196
0.0
2.6755852842809364
0.0
3.0100334448160533
0.0
3.34448160535117
0.0
3.678929765886287
0.0
4.013377926421404
0.0
4.347826086956521
0.0
4.6822742474916375
0.0
5.016722408026754
0.0
5.351170568561871
0.0
5.685618729096988
0.0
6.020066889632105
0.0
6.354515050167222
0.0
6.6889632107023385
0.0
7.023411371237455
0.0
7.357859531772572
0.0
7.692307692307689
0.0
8.026755852842806
0.0
8.361204013377924
0.0
8.695652173913041
0.0
9.030100334448159
0.0
9.364548494983277
0.0
9.698996655518394
0.0
10.033444816053512
0.0
10.36789297658863
0.0
10.702341137123748
0.0
11.036789297658865
0.0
11.371237458193983
0.0
11.7056856187291
0.0
12.040133779264218
0.0
12.374581939799336
0.0
12.709030100334454
0.0
13.043478260869572
0.0
13.37792642140469
0.0
13.712374581939807
0.0
14.046822742474925
0.0
14.381270903010043
0.0
14.71571906354516
0.0
15.050167224080278
0.0
15.384615384615396
0.0
15.719063545150513
0.0
16.05351170568563
0.0
16.387959866220747
0.0
16.722408026755865
0.0
17.056856187290983
0.0
17.3913043478261
0.0
17.725752508361218
0.0
18.060200668896336
0.0
18.394648829431453
0.0
18.72909698996657
0.0
19.06354515050169
0.0
19.397993311036807
0.0
19.732441471571924
0.0
20.066889632107042
0.0
20.40133779264216
0.0
20.735785953177277
0.0
21.070234113712395
0.0
21.404682274247513
0.0
21.73913043478263
0.0
22.07357859531775
0.0
22.408026755852866
0.0
22.742474916387984
0.0
23.0769230769231
0.0
23.41137123745822
0.0
23.745819397993337
0.0
24.080267558528455
0.0
24.414715719063572
0.0
24.74916387959869
0.0
25.083612040133808
0.0
25.418060200668926
0.0
25.752508361204043
0.0
26.08695652173916
0.0
26.42140468227428
0.0
26.755852842809396
0.0
27.090301003344514
0.0
27.424749163879632
0.0
27.75919732441475
0.0
28.093645484949867
0.0
28.428093645484985
0.0
28.762541806020103
0.0
29.09698996655522
0.0
29.43143812709034
0.0
29.765886287625456
0.0
30.100334448160574
0.0
30.43478260869569
0.0
30.76923076923081
0.0
31.103678929765927
0.0
31.438127090301045
0.0
31.772575250836162
0.0
32.10702341137128
0.0
32.4414715719064
0.0
32.775919732441515
0.0
33.11036789297663
0.0
33.44481605351175
0.0
33.77926421404687
0.0
34.113712374581986
0.0
34.448160535117104
0.0
34.78260869565222
0.0
35.11705685618734
0.0
35.45150501672246
0.0
35.785953177257575
0.0
36.12040133779269
0.0
36.45484949832781
0.0
36.78929765886293
0.0
37.123745819398046
0.0
37.458193979933164
0.0
37.79264214046828
0.0
38.1270903010034
0.0
38.46153846153852
0.0
38.795986622073634
0.0
39.13043478260875
0.0
39.46488294314387
0.0
39.79933110367899
0.0
40.133779264214105
0.0
40.46822742474922
0.0
40.80267558528434
0.0
41.13712374581946
0.0
41.471571906354576
0.0
41.806020066889694
0.0
42.14046822742481
0.0
42.47491638795993
0.0
42.80936454849505
0.0
43.143812709030165
0.0
43.47826086956528
0.0
43.8127090301004
0.0
44.14715719063552
0.0
44.481605351170636
0.0
44.81605351170575
0.0
45.15050167224087
0.0
45.48494983277599
0.0
45.81939799331111
0.0
46.153846153846224
0.0
46.48829431438134
0.0
46.82274247491646
0.0
47.15719063545158
0.0
47.491638795986695
0.0
47.82608695652181
0.0
48.16053511705693
0.0
48.49498327759205
0.0
48.829431438127166
0.0
49.163879598662284
0.0
49.4983277591974
0.0
49.83277591973252
0.0
50.16722408026764
0.0
50.501672240802755
0.0
50.83612040133787
0.0
51.17056856187299
0.0
51.50501672240811
0.0
51.839464882943226
0.0
52.17391304347834
0.0
52.50836120401346
0.0
52.84280936454858
0.0
53.1772575250837
0.0
53.511705685618814
0.0
53.84615384615393
0.0
54.18060200668905
0.0
54.51505016722417
0.0
54.849498327759285
0.0
55.1839464882944
0.0
55.51839464882952
0.0
55.85284280936464
0.0
56.187290969899756
0.0
56.521739130434874
0.0
56.85618729096999
0.0
57.19063545150511
0.0
57.52508361204023
0.0
57.859531772575345
0.0
58.19397993311046
0.0
58.52842809364558
0.0
58.8628762541807
0.0
59.197324414715816
0.0
59.53177257525093
0.0
59.86622073578605
0.0
60.20066889632117
0.0
60.535117056856286
0.0
60.869565217391404
0.0
61.20401337792652
0.0
61.53846153846164
0.0
61.87290969899676
0.0
62.207357859531875
0.0
62.54180602006699
0.0
62.87625418060211
0.0
63.21070234113723
0.0
63.545150501672346
0.0
63.879598662207464
0.0
64.21404682274257
0.0
64.54849498327769
0.0
64.88294314381281
0.0
65.21739130434793
0.0
65.55183946488305
0.0
65.88628762541816
0.0
66.22073578595328
0.0
66.5551839464884
0.0
66.88963210702352
0.0
67.22408026755863
0.0
67.55852842809375
0.0
67.89297658862887
0.0
68.22742474916399
0.0
68.5618729096991
0.0
68.89632107023422
0.0
69.23076923076934
0.0
69.56521739130446
0.0
69.89966555183958
0.0
70.2341137123747
0.0
70.56856187290981
0.0
70.90301003344493
0.0
71.23745819398005
0.0
71.57190635451516
0.0
71.90635451505028
0.0
72.2408026755854
0.0
72.57525083612052
0.0
72.90969899665564
0.0
73.24414715719075
0.0
73.57859531772587
0.0
73.91304347826099
0.0
74.2474916387961
0.0
74.58193979933122
0.0
74.91638795986634
0.0
75.25083612040146
0.0
75.58528428093658
0.0
75.9197324414717
0.0
76.25418060200681
0.0
76.58862876254193
0.0
76.92307692307705
0.0
77.25752508361217
0.0
77.59197324414728
0.0
77.9264214046824
0.0
78.26086956521752
0.0
78.59531772575264
0.0
78.92976588628775
0.0
79.26421404682287
0.0
79.59866220735799
0.0
79.93311036789311
0.0
80.26755852842822
0.0
80.60200668896334
0.0
80.93645484949846
0.0
81.27090301003358
0.0
81.6053511705687
0.0
81.93979933110381
0.0
82.27424749163893
0.0
82.60869565217405
0.0
82.94314381270917
0.0
83.27759197324428
0.0
83.6120401337794
0.0
83.94648829431452
0.0
84.28093645484964
0.0
84.61538461538476
0.0
84.94983277591987
0.0
85.28428093645499
0.0
85.61872909699011
0.0
85.95317725752523
0.0
86.28762541806034
0.0
86.62207357859546
0.0
86.95652173913058
0.0
87.2909698996657
0.0
87.62541806020081
0.0
87.95986622073593
0.0
88.29431438127105
0.0
88.62876254180617
0.0
88.96321070234129
0.0
89.2976588628764
0.0
89.63210702341152
0.0
89.96655518394664
0.0
90.30100334448176
0.0
90.63545150501687
0.0
90.96989966555199
0.0
91.30434782608711
0.0
91.63879598662223
0.0
91.97324414715735
0.0
92.30769230769246
0.0
92.64214046822758
0.0
92.9765886287627
0.0
93.31103678929782
0.0
93.64548494983293
0.0
93.97993311036805
0.0
94.31438127090317
0.0
94.64882943143829
0.0
94.9832775919734
0.0
95.31772575250852
0.0
95.65217391304364
0.0
95.98662207357876
0.0
96.32107023411388
0.0
96.655518394649
0.0
96.98996655518411
0.0
97.32441471571923
0.0
97.65886287625435
0.0
97.99331103678946
0.0
98.32775919732458
0.0
98.6622073578597
0.0
98.99665551839482
0.0
99.33110367892994
0.0
99.66555183946505
0.0
100.00000000000017
0.0
