1000
0.0
1.0
0.010010010010010008
0.9999499002681359
0.020020020020020016
0.9997996060925097
0.030030030030030026
0.9995491325325173
0.04004004004004003
0.9991985046854751
0.05005005005005004
0.9987477576841054
0.060060060060060046
0.9981969366930158
0.07007007007007006
0.9975460969041745
0.08008008008008007
0.996795303531379
0.09009009009009007
0.995944631803723
0.10010010010010008
0.994994166958057
0.11011011011011008
0.993944004230449
0.12012012012012009
0.9927942488466414
0.1301301301301301
0.9915450160115067
0.14014014014014012
0.9901964308975052
0.15015015015015012
0.9887486286321422
0.16016016016016013
0.9872017542844281
0.17017017017017014
0.9855559628503431
0.18018018018018014
0.9838114192373063
0.19019019019019015
0.9819682982476522
0.20020020020020016
0.9800267845611155
0.21021021021021016
0.9779870727163263
0.22022022022022017
0.975849367091318
0.23023023023023018
0.9736138818830473
0.24024024024024018
0.9712808410859337
0.2502502502502502
0.9688504784694136
0.2602602602602602
0.9663230375545181
0.27027027027027023
0.9636987715894713
0.28028028028028024
0.9609779435243156
0.29029029029029024
0.9581608259845642
0.30030030030030025
0.9552477012438836
0.31031031031031026
0.9522388611958107
0.32032032032032026
0.9491346073245047
0.33033033033033027
0.9459352506745389
0.3403403403403403
0.9426411118197338
0.3503503503503503
0.9392525208310362
0.3603603603603603
0.9357698172434458
0.3703703703703703
0.9321933500219945
0.3803803803803803
0.92852347752678
0.3903903903903903
0.9247605674770581
0.4004004004004003
0.9209049969143981
0.4104104104104103
0.9169571521649025
0.4204204204204203
0.9129174288004982
0.43043043043043033
0.9087862315992998
0.44044044044044034
0.9045639745050517
0.45045045045045035
0.9002510805856501
0.46046046046046035
0.895847981990753
0.47047047047047036
0.8913551199084785
0.48048048048048037
0.8867729445211976
0.49049049049049037
0.8821019149604269
0.5005005005005004
0.8773424992608235
0.5105105105105104
0.8724951743132883
0.5205205205205204
0.8675604258171812
0.5305305305305305
0.8625387482316554
0.5405405405405405
0.857430644726112
0.5505505505505505
0.8522366271297828
0.5605605605605605
0.8469572158804456
0.5705705705705705
0.8415929399722764
0.5805805805805805
0.8361443369028444
0.5905905905905905
0.8306119526192554
0.6006006006006005
0.8249963414634476
0.6106106106106105
0.8192980661166473
0.6206206206206205
0.8135176975429886
0.6306306306306305
0.8076558149323027
0.6406406406406405
0.8017130056420835
0.6506506506506505
0.7956898651386348
0.6606606606606605
0.7895869969374054
0.6706706706706705
0.7834050125425159
0.6806806806806805
0.7771445313854878
0.6906906906906906
0.7708061807631753
0.7007007007007006
0.764390595774912
0.7107107107107106
0.757898419258873
0.7207207207207206
0.7513303017276639
0.7307307307307306
0.7446869013031387
0.7407407407407406
0.7379688836504577
0.7507507507507506
0.7311769219113866
0.7607607607607606
0.7243116966368495
0.7707707707707706
0.7173738957187373
0.7807807807807806
0.7103642143209814
0.7907907907907906
0.7032833548098988
0.8008008008008006
0.6961320266838152
0.8108108108108106
0.6889109465019738
0.8208208208208206
0.6816208378127364
0.8308308308308306
0.6742624310810841
0.8408408408408407
0.6668364636154254
0.8508508508508507
0.6593436794937179
0.8608608608608607
0.6517848294889125
0.8708708708708707
0.6441606709937261
0.8808808808808807
0.6364719679447514
0.8908908908908907
0.6287194907459104
0.9009009009009007
0.6209040161912612
0.9109109109109107
0.6130263273871629
0.9209209209209207
0.605087213673809
0.9309309309309307
0.5970874705461363
0.9409409409409407
0.5890278995741159
0.9509509509509507
0.5809093083224373
0.9609609609609607
0.5727325102695899
0.9709709709709707
0.5644983247263538
0.9809809809809807
0.5562075767537046
0.9909909909909907
0.5478610970801431
1.0010010010010009
0.5394597220184564
1.0110110110110109
0.5310042933819206
1.0210210210210209
0.5224956583999505
1.0310310310310309
0.5139346696332083
1.041041041041041
0.5053221848881776
1.051051051051051
0.4966590671312111
1.061061061061061
0.4879461844020622
1.071071071071071
0.479184409726908
1.081081081081081
0.4703746210308722
1.091091091091091
0.46151770105005774
1.101101101101101
0.4526145372430969
1.111111111111111
0.4436660217022287
1.121121121121121
0.43467305106391146
1.131131131131131
0.42563652641898053
1.141141141141141
0.4165573532223592
1.151151151151151
0.40743644120233297
1.161161161161161
0.3982747042693949
1.171171171171171
0.3890730604246725
1.181181181181181
0.3798324316679444
1.191191191191191
0.3705537439052565
1.201201201201201
0.3612379268561469
1.211211211211211
0.35188591396048796
1.221221221221221
0.34249864228495663
1.231231231231231
0.3330770524291407
1.241241241241241
0.3236220884312912
1.251251251251251
0.3141346976737302
1.261261261261261
0.30461583078792387
1.271271271271271
0.29506644155922945
1.281281281281281
0.28548748683132663
1.291291291291291
0.27587992641034215
1.301301301301301
0.2662447229686779
1.311311311311311
0.25658284194855174
1.321321321321321
0.24689525146526048
1.331331331331331
0.23718292221017534
1.341341341341341
0.2274468273534792
1.351351351351351
0.21768794244665557
1.361361361361361
0.20790724532473867
1.371371371371371
0.19810571600833501
1.3813813813813811
0.1882843366054258
1.3913913913913911
0.1784440912129603
1.4014014014014011
0.16858596581824975
1.4114114114114111
0.15871094820017215
1.4214214214214211
0.14882002783019704
1.4314314314314311
0.13891419577324135
1.4414414414414412
0.12899444458836493
1.4514514514514512
0.1190617682293168
1.4614614614614612
0.10911716194494157
1.4714714714714712
0.09916162217945591
1.4814814814814812
0.08919614647260544
1.4914914914914912
0.07922173335971179
1.5015015015015012
0.06923938227161987
1.5115115115115112
0.05925009343455545
1.5215215215215212
0.049254867769903045
1.5315315315315312
0.03925470679391409
1.5415415415415412
0.029250612517355563
1.5515515515515512
0.019243587345109083
1.5615615615615612
0.00923463397573041
1.5715715715715712
-7.752446990203565E-4
1.5815815815815812
-0.010785045694668023
1.5915915915915912
-0.020793766034520798
1.6016016016016013
-0.030800402850168024
1.6116116116116113
-0.04080395348196705
1.6216216216216213
-0.05080341557950919
1.6316316316316313
-0.06079778720205469
1.6416416416416413
-0.07078606691892668
1.6516516516516513
-0.08076725390985397
1.6616616616616613
-0.09074034806525268
1.6716716716716713
-0.10070435008643673
1.6816816816816813
-0.11065826158574703
1.6916916916916913
-0.12060108518658931
1.7017017017017013
-0.13053182462337087
1.7117117117117113
-0.1404494848413257
1.7217217217217213
-0.15035307209621848
1.7317317317317313
-0.16024159405391733
1.7417417417417413
-0.17011405988982503
1.7517517517517514
-0.17996948038815913
1.7617617617617614
-0.18980686804107086
1.7717717717717714
-0.19962523714759295
1.7817817817817814
-0.2094236039124062
1.7917917917917914
-0.2192009865444154
1.8018018018018014
-0.22895640535512413
1.8118118118118114
-0.23868888285679912
1.8218218218218214
-0.24839744386041399
1.8318318318318314
-0.25808111557336255
1.8418418418418414
-0.26773892769693225
1.8518518518518514
-0.27736991252352755
1.8618618618618614
-0.2869731050336336
1.8718718718718714
-0.2965475429925109
1.8818818818818814
-0.30609226704661036
1.8918918918918914
-0.3156063208197004
1.9019019019019014
-0.32508875100869505
1.9119119119119115
-0.3345386074791745
1.9219219219219215
-0.3439549433605882
1.9319319319319315
-0.3533368151411304
1.9419419419419415
-0.36268328276228007
1.9519519519519515
-0.3719934097129937
1.9619619619619615
-0.38126626312354367
1.9719719719719715
-0.39050091385899094
1.9819819819819815
-0.39969643661228416
1.9919919919919915
-0.40885190999697474
2.0020020020020017
-0.41796641663953954
2.0120120120120117
-0.4270390432713004
2.0220220220220217
-0.43606888081993445
2.0320320320320318
-0.4450550245005617
2.0420420420420418
-0.4539965739064045
2.0520520520520518
-0.46289263309900736
2.0620620620620618
-0.4717423106980099
2.072072072072072
-0.48054471997046266
2.082082082082082
-0.48929897891967683
2.092092092092092
-0.4980042103736005
2.102102102102102
-0.5066595420727104
2.112112112112112
-0.5152641067574116
2.122122122122122
-0.5238170422549374
2.132132132132132
-0.5323174915657375
2.142142142142142
-0.5407646029493495
2.152152152152152
-0.5491575300097428
2.162162162162162
-0.5574954317801267
2.172172172172172
-0.5657774728072154
2.182182182182182
-0.5740028232349391
2.192192192192192
-0.5821706588875962
2.202202202202202
-0.5902801613524346
2.212212212212212
-0.5983305180616558
2.222222222222222
-0.6063209223738351
2.232232232232232
-0.6142505736547452
2.242242242242242
-0.6221186773575804
2.252252252252252
-0.629924445102569
2.262262262262262
-0.6376670947559689
2.272272272272272
-0.6453458505084373
2.282282282282282
-0.6529599429527653
2.292292292292292
-0.6605086091609734
2.302302302302302
-0.6679910927607557
2.312312312312312
-0.6754066440112682
2.322322322322322
-0.6827545198782521
2.332332332332332
-0.6900339841084862
2.342342342342342
-0.6972443073035584
2.352352352352352
-0.704384766992951
2.362362362362362
-0.7114546477064327
2.372372372372372
-0.7184532410457473
2.382382382382382
-0.7253798457555951
2.392392392392392
-0.7322337677938989
2.402402402402402
-0.7390143204013461
2.412412412412412
-0.7457208241702016
2.422422422422422
-0.7523526071123842
2.432432432432432
-0.7589090047267995
2.442442442442442
-0.7653893600659226
2.452452452452452
-0.7717930238016238
2.462462462462462
-0.7781193542902309
2.472472472472472
-0.7843677176368214
2.482482482482482
-0.7905374877587391
2.492492492492492
-0.7966280464483262
2.502502502502502
-0.8026387834348683
2.512512512512512
-0.8085690964457426
2.522522522522522
-0.8144183912667659
2.532532532532532
-0.8201860818017337
2.542542542542542
-0.8258715901311476
2.552552552552552
-0.831474346570122
2.562562562562562
-0.8369937897254662
2.572572572572572
-0.842429366551936
2.582582582582582
-0.8477805324076484
2.592592592592592
-0.8530467511086542
2.602602602602602
-0.8582274949826639
2.612612612612612
-0.8633222449219194
2.622622622622622
-0.868330490435209
2.632632632632632
-0.8732517296990181
2.642642642642642
-0.8780854696078115
2.652652652652652
-0.8828312258234428
2.662662662662662
-0.8874885228236838
2.672672672672672
-0.892056893949873
2.682682682682682
-0.8965358814536732
2.692692692692692
-0.9009250365429387
2.702702702702702
-0.9052239194266831
2.712712712712712
-0.909432099359147
2.722722722722722
-0.9135491546829578
2.732732732732732
-0.9175746728713801
2.742742742742742
-0.9215082505696498
2.752752752752752
-0.9253494936353914
2.7627627627627622
-0.9290980171781095
2.7727727727727722
-0.9327534455977552
2.7827827827827822
-0.9363154126223614
2.7927927927927922
-0.9397835613447423
2.8028028028028023
-0.9431575442582558
2.8128128128128123
-0.9464370232916234
2.8228228228228223
-0.9496216698428046
2.8328328328328323
-0.9527111648119228
2.8428428428428423
-0.9557051986332388
2.8528528528528523
-0.9586034713061694
2.8628628628628623
-0.9614056924253471
2.8728728728728723
-0.9641115812097185
2.8828828828828823
-0.9667208665306785
2.8928928928928923
-0.9692332869392372
2.9029029029029023
-0.9716485906922169
2.9129129129129123
-0.9739665357774769
2.9229229229229223
-0.9761868899381628
2.9329329329329323
-0.9783094306959783
2.9429429429429423
-0.9803339453734776
2.9529529529529523
-0.9822602311153761
2.9629629629629624
-0.984088094908875
2.9729729729729724
-0.9858173536030028
2.9829829829829824
-0.9874478339269654
2.9929929929929924
-0.988979372507509
3.0030030030030024
-0.990411815885289
3.0130130130130124
-0.9917450205302472
3.0230230230230224
-0.9929788528559929
3.0330330330330324
-0.994113189233189
3.0430430430430424
-0.9951479160019387
3.0530530530530524
-0.9960829294831748
3.0630630630630624
-0.9969181359890477
3.0730730730730724
-0.9976534518323135
3.0830830830830824
-0.998288803334719
3.0930930930930924
-0.9988241268343845
3.1031031031031024
-0.9992593686921823
3.1131131131131125
-0.9995944852971117
3.1231231231231225
-0.9998294430706686
3.1331331331331325
-0.99996421847021
3.1431431431431425
-0.9999987979913133
3.1531531531531525
-0.9999331781691289
3.1631631631631625
-0.9997673655787278
3.1731731731731725
-0.9995013768344427
3.1831831831831825
-0.9991352385882032
3.1931931931931925
-0.9986689875268651
3.2032032032032025
-0.9981026703685347
3.2132132132132125
-0.9974363438578877
3.2232232232232225
-0.996670074760483
3.2332332332332325
-0.9958039398560732
3.2432432432432425
-0.9948380259309114
3.2532532532532525
-0.9937724297690548
3.2632632632632625
-0.9926072581426674
3.2732732732732726
-0.9913426278013212
3.2832832832832826
-0.9899786654602984
3.2932932932932926
-0.9885155077878941
3.3033033033033026
-0.9869533013917223
3.3133133133133126
-0.9852922028040263
3.3233233233233226
-0.9835323784659936
3.3333333333333326
-0.9816740047110792
3.3433433433433426
-0.9797172677473368
3.3533533533533526
-0.9776623636387607
3.3633633633633626
-0.9755094982856408
3.3733733733733726
-0.9732588874039307
3.3833833833833826
-0.970910756503634
3.3933933933933926
-0.9684653408662077
3.4034034034034026
-0.9659228855209872
3.4134134134134126
-0.9632836452206345
3.4234234234234227
-0.9605478844156125
3.4334334334334327
-0.9577158772276867
3.4434434434434427
-0.9547879074224587
3.4534534534534527
-0.9517642683809326
3.4634634634634627
-0.9486452630701191
3.4734734734734727
-0.9454312040126777
3.4834834834834827
-0.9421224132556021
3.4934934934934927
-0.9387192223379519
3.5035035035035027
-0.935221972257632
3.5135135135135127
-0.9316310134372251
3.5235235235235227
-0.927946705688879
3.5335335335335327
-0.9241694181782546
3.5435435435435427
-0.9202995293875346
3.5535535535535527
-0.9163374270775005
3.5635635635635627
-0.9122835082486792
3.5735735735735727
-0.9081381791015632
3.5835835835835828
-0.90390185499591
3.5935935935935928
-0.8995749604091233
3.6036036036036028
-0.8951579288937201
3.6136136136136128
-0.8906512030338898
3.623623623623623
-0.8860552344011464
3.633633633633633
-0.8813704835090824
3.643643643643643
-0.8765974197672249
3.653653653653653
-0.8717365214340012
3.663663663663663
-0.8667882755688174
3.673673673673673
-0.8617531779832556
3.683683683683683
-0.8566317331913937
3.693693693693693
-0.8514244543592535
3.703703703703703
-0.8461318632533814
3.713713713713713
-0.8407544901885677
3.723723723723723
-0.8352928739747102
3.733733733733733
-0.8297475618628243
3.743743743743743
-0.8241191094902098
3.753753753753753
-0.8184080808247762
3.763763763763763
-0.8126150481085331
3.773773773773773
-0.806740591800252
3.783783783783783
-0.8007853005173047
3.793793793793793
-0.7947497709766841
3.803803803803803
-0.7886346079352133
3.813813813813813
-0.78244042412895
3.823823823823823
-0.7761678402117896
3.833833833833833
-0.7698174846932768
3.843843843843843
-0.7633899938756291
3.853853853853853
-0.7568860117899796
3.863863863863863
-0.7503061901318453
3.873873873873873
-0.7436511881958277
3.883883883883883
-0.736921672809552
3.893893893893893
-0.730118318266851
3.903903903903903
-0.7232418062602016
3.913913913913913
-0.7162928258124189
3.923923923923923
-0.7092720732076175
3.933933933933933
-0.7021802519214433
3.943943943943943
-0.6950180725505859
3.953953953953953
-0.6877862527415775
3.963963963963963
-0.6804855171188846
3.973973973973973
-0.6731165972123017
3.983983983983983
-0.6656802313836514
3.993993993993993
-0.658177164752802
4.0040040040040035
-0.6506081491230057
4.0140140140140135
-0.6429739429055705
4.0240240240240235
-0.6352753110438649
4.0340340340340335
-0.6275130249366728
4.0440440440440435
-0.6196878623608997
4.0540540540540535
-0.611800607393639
4.0640640640640635
-0.6038520503336088
4.0740740740740735
-0.595842987621964
4.0840840840840835
-0.5877742217624932
4.0940940940940935
-0.5796465612412085
4.1041041041041035
-0.5714608204453355
4.1141141141141135
-0.5632178195817121
4.1241241241241235
-0.5549183845946045
4.1341341341341336
-0.5465633470829475
4.144144144144144
-0.5381535442170192
4.154154154154154
-0.529689818654557
4.164164164164164
-0.5211730184563232
4.174174174174174
-0.5126039970011305
4.184184184184184
-0.5039836129003333
4.194194194194194
-0.4953127299117956
4.204204204204204
-0.486592216853343
4.214214214214214
-0.4778229475157073
4.224224224224224
-0.4690058005749735
4.234234234234234
-0.46014165950453656
4.244244244244244
-0.4512314124865783
4.254254254254254
-0.4422759523230715
4.264264264264264
-0.43327617634632204
4.274274274274274
-0.42423298632905637
4.284284284284284
-0.4151472883940648
4.294294294294294
-0.4060199929234078
4.304304304304304
-0.3968520144671969
4.314314314314314
-0.387644271651957
4.324324324324324
-0.3783976870885801
4.334334334334334
-0.369113187279881
4.344344344344344
-0.35979170252776144
4.354354354354354
-0.3504341668399947
4.364364364364364
-0.3410415178366385
4.374374374374374
-0.33161469665608595
4.384384384384384
-0.3221546478607641
4.394394394394394
-0.312662319342489
4.404404404404404
-0.30313866222748775
4.414414414414414
-0.29358463078109603
4.424424424424424
-0.28400118231214116
4.434434434434434
-0.27438927707702043
4.444444444444444
-0.2647498781834838
4.454454454454454
-0.255083951494131
4.464464464464464
-0.24539246552963281
4.474474474474474
-0.23567639137168564
4.484484484484484
-0.22593670256570958
4.494494494494494
-0.2161743750232999
4.504504504504504
-0.2063903869244411
4.514514514514514
-0.19658571861949378
4.524524524524524
-0.18676135253096415
4.534534534534534
-0.17691827305506577
4.544544544544544
-0.16705746646308353
4.554554554554554
-0.1571799208025499
4.564564564564564
-0.14728662579824298
4.574574574574574
-0.13737857275301674
4.584584584584584
-0.12745675444847288
4.594594594594594
-0.11752216504548474
4.604604604604604
-0.10757579998458286
4.614614614614614
-0.09761865588621238
4.624624624624624
-0.08765173045087223
4.634634634634634
-0.07767602235914604
4.644644644644644
-0.06769253117163493
4.654654654654654
-0.057702257228802
4.664664664664664
-0.04770620155073884
4.674674674674674
-0.037705365736863776
4.684684684684684
-0.027700751865562208
4.694694694694694
-0.017693362393778837
4.704704704704704
-0.00768420005657206
4.714714714714714
0.0023257322333595665
4.724724724724724
0.012335431486168634
4.734734734734734
0.022343894735357934
4.744744744744744
0.03235011913827714
4.754754754754754
0.042353102076607155
4.764764764764764
0.052351841256821866
4.774774774774774
0.06234533481061745
4.784784784784784
0.07233258139529905
4.794794794794794
0.08231258029411476
4.804804804804804
0.09228433151652692
4.814814814814814
0.10224683589841059
4.824824824824824
0.11219909520216932
4.834834834834834
0.122140112216758
4.844844844844844
0.13206889085760284
4.854854854854854
0.14198443626640858
4.864864864864864
0.15188575491084266
4.874874874874874
0.1617718546840867
4.884884884884884
0.17164174500424506
4.894894894894894
0.18149443691360062
4.904904904904904
0.19132894317770777
4.914914914914914
0.2011442783843128
4.924924924924924
0.21093945904209174
4.934934934934934
0.2207135036791955
4.944944944944944
0.23046543294159305
4.954954954954954
0.24019426969120192
4.964964964964964
0.24989903910379713
4.974974974974974
0.25957876876668795
4.984984984984984
0.2692324887761531
4.994994994994994
0.2788592318346246
5.005005005005004
0.2884580333476106
5.015015015015014
0.29802793152034707
5.025025025025024
0.3075679674541692
5.035035035035034
0.3170771852425924
5.045045045045044
0.3265546320670938
5.055055055055054
0.3359993582925841
5.065065065065064
0.3454104175625604
5.075075075075074
0.3547868668939308
5.085085085085084
0.3641277667715006
5.095095095095094
0.3734321812421113
5.105105105105104
0.3826991780084227
5.115115115115114
0.3919278285223284
5.125125125125124
0.40111720807799595
5.135135135135134
0.4102663959045219
5.145145145145144
0.4193744752581925
5.155155155155154
0.42844053351434086
5.165165165165164
0.4374636622587917
5.175175175175174
0.4464429573788835
5.185185185185184
0.4553775191540608
5.195195195195194
0.4642664523460248
5.205205205205204
0.4731088662884368
5.215215215215214
0.48190387497616155
5.225225225225224
0.4906505971540452
5.235235235235234
0.49934815640521596
5.245245245245244
0.5079956812389013
5.255255255255254
0.5165923051777501
5.265265265265264
0.5251371668446541
5.275275275275274
0.5336294100490563
5.285285285285284
0.542068183872742
5.295295295295294
0.5504526427550995
5.305305305305304
0.5587819465778452
5.315315315315314
0.5670552607492026
5.325325325325324
0.5752717562875288
5.335335335335334
0.5834306099043769
5.345345345345344
0.5915310040869899
5.355355355355354
0.5995721271802147
5.365365365365364
0.6075531734678297
5.375375375375374
0.6154733432532767
5.385385385385384
0.6233318429397908
5.395395395395394
0.6311278851099176
5.405405405405404
0.6388606886044123
5.415415415415414
0.6465294786005118
5.425425425425424
0.6541334866895709
5.435435435435434
0.6616719509540572
5.445445445445444
0.6691441160438938
5.455455455455454
0.6765492332521458
5.465465465465464
0.6838865605900402
5.475475475475474
0.6911553628613124
5.485485485485484
0.6983549117358732
5.495495495495494
0.7054844858227859
5.505505505505504
0.7125433707425505
5.5155155155155144
0.7195308591986836
5.5255255255255245
0.7264462510485891
5.5355355355355345
0.7332888533737121
5.5455455455455445
0.740057980548969
5.5555555555555545
0.7467529543114472
5.5655655655655645
0.7533731038283659
5.5755755755755745
0.7599177657642936
5.5855855855855845
0.7663862843476141
5.5955955955955945
0.7727780114362344
5.6056056056056045
0.7790923065825277
5.6156156156156145
0.7853285370975066
5.6256256256256245
0.7914860781142178
5.6356356356356345
0.7975643126503535
5.6456456456456445
0.803562631670073
5.6556556556556545
0.809480434145027
5.6656656656656645
0.815317127114581
5.6756756756756745
0.8210721257452298
5.6856856856856846
0.8267448533891967
5.695695695695695
0.8323347416422138
5.705705705705705
0.837841230400476
5.715715715715715
0.8432637679167626
5.725725725725725
0.8486018108557224
5.735735735735735
0.8538548243483157
5.745745745745745
0.8590222820454074
5.755755755755755
0.8641036661705076
5.765765765765765
0.8690984675716519
5.775775775775775
0.8740061857724184
5.785785785785785
0.8788263290220752
5.795795795795795
0.8835584143448538
5.805805805805805
0.8882019675883425
5.815815815815815
0.8927565234709963
5.825825825825825
0.8972216256287585
5.835835835835835
0.9015968266607873
5.845845845845845
0.9058816881742855
5.855855855855855
0.9100757808284274
5.865865865865865
0.9141786843773781
5.875875875875875
0.9181899877124026
5.885885885885885
0.9221092889030574
5.895895895895895
0.9259361952374654
5.905905905905905
0.9296703232616639
5.915915915915915
0.9333112988180275
5.925925925925925
0.936858757082758
5.935935935935935
0.9403123426024398
5.945945945945945
0.9436717093296556
5.955955955955955
0.9469365206576611
5.965965965965965
0.9501064494541119
5.975975975975975
0.9531811780938426
5.985985985985985
0.9561603984906926
5.995995995995995
0.9590438121283754
6.006006006006005
0.9618311300903911
6.016016016016015
0.9645220730889746
6.026026026026025
0.9671163714930805
6.036036036036035
0.9696137653553999
6.046046046046045
0.9720140044384072
6.056056056056055
0.9743168482394333
6.066066066066065
0.9765220660147645
6.076076076076075
0.9786294368027622
6.086086086086085
0.9806387494460034
6.096096096096095
0.9825498026124391
6.106106106106105
0.9843624048155666
6.116116116116115
0.9860763744336173
6.126126126126125
0.9876915397277547
6.136136136136135
0.9892077388592824
6.146146146146145
0.9906248199058605
6.156156156156155
0.9919426408767281
6.166166166166165
0.9931610697269307
6.176176176176175
0.9942799843705509
6.186186186186185
0.9952992726929413
6.196196196196195
0.9962188325619588
6.206206206206205
0.9970385718381976
6.216216216216215
0.9977584083842217
6.226226226226225
0.9983782700727953
6.236236236236235
0.9988980947941097
6.246246246246245
0.9993178304620066
6.256256256256255
0.999637435019197
6.266266266266265
0.9998568764414758
6.276276276276275
0.9999761327409301
6.286286286286285
0.9999951919681428
6.296296296296295
0.9999140522133894
6.306306306306305
0.9997327216068297
6.316316316316315
0.9994512183176936
6.326326326326325
0.9990695705524593
6.336336336336335
0.9985878165520284
6.346346346346345
0.9980060045878936
6.356356356356355
0.9973241929573013
6.366366366366365
0.9965424499774116
6.376376376376375
0.9956608539784515
6.386386386386385
0.9946794932958677
6.396396396396395
0.9935984662614741
6.406406406406405
0.9924178811935997
6.416416416416415
0.9911378563862355
6.426426426426425
0.9897585200971806
6.436436436436435
0.9882800105351914
6.446446446446445
0.9867024758461334
6.456456456456455
0.985026074098136
6.466466466466465
0.9832509732657557
6.476476476476475
0.9813773512131438
6.486486486486485
0.9794053956762253
6.496496496496495
0.9773353042438875
6.506506506506505
0.9751672843381818
6.516516516516515
0.97290155319354
6.526526526526525
0.9705383378350078
6.536536536536535
0.9680778750554967
6.546546546546545
0.9655204113920579
6.556556556556555
0.9628662031011789
6.566566566566565
0.9601155161331071
6.576576576576575
0.9572686261052016
6.586586586586585
0.9543258182743164
6.596596596596595
0.9512873875082181
6.606606606606605
0.9481536382560399
6.616616616616615
0.9449248845177765
6.626626626626625
0.9416014498128209
6.636636636636635
0.9381836671475483
6.646646646646645
0.9346718789819489
6.656656656656655
0.9310664371953136
6.666666666666665
0.9273677030509759
6.676676676676675
0.9235760471601137
6.686686686686685
0.9196918494446136
6.696696696696695
0.915715499099004
6.706706706706705
0.9116473945514568
6.716716716716715
0.9074879434238665
6.726726726726725
0.9032375624910052
6.736736736736735
0.898896677638763
6.746746746746745
0.8944657238214743
6.756756756756755
0.8899451450183353
6.766766766766765
0.8853353941889179
6.776776776776775
0.8806369332277832
6.786786786786785
0.8758502329181997
6.796796796796795
0.8709757728849715
6.806806806806805
0.86601404154638
6.816816816816815
0.8609655360652442
6.826826826826825
0.8558307622991063
6.836836836836835
0.8506102347495438
6.846846846846845
0.8453044765106176
6.856856856856855
0.8399140192164579
6.866866866866865
0.8344394029879949
6.876876876876875
0.8288811763788387
6.886886886886885
0.823239896320315
6.896896896896895
0.8175161280656602
6.906906906906905
0.811710445133384
6.916916916916915
0.8058234292498028
6.926926926926925
0.7998556702907511
6.936936936936935
0.7938077662224762
6.946946946946945
0.7876803230417225
6.956956956956955
0.7814739547150107
6.966966966966965
0.7751892831171188
6.976976976976975
0.7688269379687707
6.986986986986985
0.7623875567735383
6.996996996996995
0.755871784753964
7.007007007007005
0.7492802747869101
7.017017017017015
0.7426136873381403
7.027027027027025
0.735872690396142
7.037037037037035
0.7290579594051937
7.047047047047045
0.7221701771976862
7.057057057057055
0.7152100339257028
7.0670670670670654
0.708178226991867
7.0770770770770755
0.7010754609794627
7.0870870870870855
0.6939024475818352
7.0970970970970955
0.6866599055310801
7.1071071071071055
0.6793485605260272
7.1171171171171155
0.671969145159525
7.1271271271271255
0.6645223988450358
7.1371371371371355
0.657009067742547
7.1471471471471455
0.6494299046838058
7.1571571571571555
0.6417856690968861
7.1671671671671655
0.6340771269300943
7.1771771771771755
0.6263050505752219
7.1871871871871855
0.6184702187901515
7.1971971971971955
0.6105734166208264
7.2072072072072055
0.6026154353225891
7.2172172172172155
0.5945970722808982
7.2272272272272255
0.5865191309314303
7.2372372372372356
0.5783824206795767
7.247247247247246
0.5701877568193411
7.257257257257256
0.5619359604516478
7.267267267267266
0.5536278584020676
7.277277277277276
0.5452642831379706
7.287287287287286
0.5368460726851129
7.297297297297296
0.5283740705436675
7.307307307307306
0.5198491256037057
7.317317317317316
0.5112720920601388
7.327327327327326
0.5026438293271281
7.337337337337336
0.49396520195197274
7.347347347347346
0.4852370795284812
7.357357357357356
0.47646033660983994
7.367367367367366
0.4676358526209825
7.377377377377376
0.45876451177047234
7.387387387387386
0.4498472029619052
7.397397397397396
0.44088481970484167
7.407407407407406
0.43187826002527774
7.417417417417416
0.42282842637566337
7.427427427427426
0.4137362255444771
7.437437437437436
0.40460256856536625
7.447447447447446
0.3954283706258621
7.457457457457456
0.3862145509756783
7.467467467467466
0.3769620328346027
7.477477477477476
0.36767174329999114
7.487487487487486
0.3583446132538729
7.497497497497496
0.34898157726967666
7.507507507507506
0.339583573518587
7.517517517517516
0.3301515436755398
7.527527527527526
0.32068643282486725
7.537537537537536
0.31118918936560075
7.547547547547546
0.3016607649164417
7.557557557557556
0.29210211422041027
7.567567567567566
0.28251419504918
7.577577577577576
0.27289796810711014
7.587587587587586
0.2632543969349835
7.597597597597596
0.2535844478134598
7.607607607607606
0.24388908966625536
7.617617617617616
0.23416929396305722
7.627627627627626
0.22442603462218233
7.637637637637636
0.21466028791299163
7.647647647647646
0.20487303235806828
7.657657657657656
0.19506524863517027
7.667667667667666
0.185237919478967
7.677677677677676
0.1753920295825698
7.687687687687686
0.16552856549886621
7.697697697697696
0.15564851554166795
7.707707707707706
0.14575286968668227
7.717717717717716
0.13584261947231716
7.727727727727726
0.12591875790032944
7.737737737737736
0.1159822793363268
7.747747747747746
0.10603417941013267
7.757757757757756
0.09607545491602477
7.767767767767766
0.08610710371285686
7.777777777777776
0.0761301246240737
7.787787787787786
0.06614551733762966
7.797797797797796
0.05615428230582035
7.807807807807806
0.046157420645037944
7.817817817817816
0.03615593403545984
7.827827827827826
0.026150824620680774
7.837837837837836
0.01614309490729867
7.847847847847846
0.006133747664463939
7.857857857857856
-0.0038762141765974153
7.867867867867866
-0.013885787623076979
7.877877877877876
-0.023893969721083267
7.887887887887886
-0.03389975765613716
7.897897897897896
-0.04390214885365339
7.907907907907906
-0.053900141079397966
7.917917917917916
-0.06389273253991151
7.927927927927926
-0.07387892198288841
7.937937937937936
-0.08385770879750182
7.947947947947946
-0.09382809311466422
7.957957957957956
-0.1037890759072139
7.967967967967966
-0.1137396590900168
7.977977977977976
-0.12367884561997426
7.987987987987986
-0.13360563959592606
7.997997997997996
-0.1435190463584393
8.008008008008007
-0.1534180725894735
8.018018018018017
-0.1633017264119071
8.028028028028027
-0.17316901748892832
8.038038038038037
-0.18301895712326283
8.048048048048047
-0.19285055835624146
8.058058058058057
-0.2026628360666931
8.068068068068067
-0.21245480706965322
8.078078078078077
-0.22222549021487845
8.088088088088087
-0.2319739064851574
8.098098098098097
-0.24169907909440758
8.108108108108107
-0.2514000335855489
8.118118118118117
-0.26107579792814367
8.128128128128127
-0.2707254026157936
8.138138138138137
-0.28034788076328376
8.148148148148147
-0.28994226820346414
8.158158158158157
-0.29950760358385836
8.168168168168167
-0.3090429284629909
8.178178178178177
-0.3185472874064225
8.188188188188187
-0.32801972808248386
8.198198198198197
-0.337459301357699
8.208208208208207
-0.34686506139188805
8.218218218218217
-0.35623606573293953
8.228228228228227
-0.3655713754112439
8.238238238238237
-0.3748700550337776
8.248248248248247
-0.3841311728778292
8.258258258258257
-0.3933538009843571
8.268268268268267
-0.4025370152509709
8.278278278278277
-0.4116798955245258
8.288288288288287
-0.4207815256933214
8.298298298298297
-0.42984099377889573
8.308308308308307
-0.438857392027405
8.318318318318317
-0.44782981700057994
8.328328328328327
-0.45675736966624986
8.338338338338337
-0.4656391554884253
8.348348348348347
-0.47447428451692997
8.358358358358357
-0.4832618714765731
8.368368368368367
-0.49200103585585403
8.378378378378377
-0.5006909019951884
8.388388388388387
-0.5093305991746492
8.398398398398397
-0.5179192617012124
8.408408408408407
-0.5264560289954985
8.418418418418417
-0.5349400456780027
8.428428428428427
-0.5433704616548033
8.438438438438437
-0.5517464322027402
8.448448448448447
-0.5600671180540564
8.458458458458457
-0.5683316854804918
8.468468468468467
-0.5765393063768223
8.478478478478477
-0.5846891583438355
8.488488488488487
-0.5927804247707349
8.498498498498497
-0.6008122949169636
8.508508508508507
-0.6087839639934404
8.518518518518517
-0.6166946332431986
8.528528528528527
-0.6245435100214217
8.538538538538537
-0.6323298078748657
8.548548548548547
-0.6400527466206613
8.558558558558557
-0.6477115524244876
8.568568568568567
-0.6553054578781105
8.578578578578577
-0.6628337020762757
8.588588588588587
-0.6702955306929518
8.598598598598597
-0.677690196056913
8.608608608608607
-0.6850169572266555
8.618618618618617
-0.692275080064639
8.628628628628627
-0.6994638373108476
8.638638638638637
-0.7065825086556603
8.648648648648647
-0.713630380812026
8.658658658658657
-0.720606747586934
8.668668668668667
-0.7275109099521749
8.678678678678677
-0.7343421761143821
8.688688688688687
-0.7410998615843497
8.698698698698697
-0.7477832892456173
8.708708708708707
-0.7543917894223175
8.718718718718717
-0.7609246999462767
8.728728728728727
-0.7673813662233636
8.738738738738737
-0.7737611412990799
8.748748748748747
-0.7800633859233842
8.758758758758757
-0.7862874686147449
8.768768768768767
-0.7924327657234141
8.778778778778777
-0.7984986614939172
8.788788788788787
-0.8044845481267509
8.798798798798797
-0.8103898258392844
8.808808808808807
-0.8162139029258582
8.818818818818817
-0.8219561958170711
8.828828828828827
-0.827616129138255
8.838838838838837
-0.8331931357671265
8.848848848848847
-0.838686656890612
8.858858858858857
-0.8440961420608408
8.868868868868867
-0.8494210492503003
8.878878878878878
-0.8546608449061452
8.888888888888888
-0.8598150040036611
8.898898898898898
-0.8648830100988701
8.908908908908908
-0.8698643553802796
8.918918918918918
-0.8747585407197637
8.928928928928928
-0.8795650757225759
8.938938938938938
-0.8842834787764866
8.948948948948948
-0.8889132771000401
8.958958958958958
-0.8934540067899273
8.968968968968968
-0.8979052128674682
8.978978978978978
-0.902266449324201
8.988988988988988
-0.9065372791665713
8.998998998998998
-0.9107172744597196
9.009009009009008
-0.914806016370359
9.019019019019018
-0.9188030952087426
9.029029029029028
-0.9227081104697145
9.039039039039038
-0.9265206708728394
9.049049049049048
-0.9302403944016099
9.059059059059058
-0.9338669083417228
9.069069069069068
-0.9373998493184263
9.079079079079078
-0.9408388633329292
9.089089089089088
-0.9441836057978714
9.099099099099098
-0.9474337415718517
9.109109109109108
-0.9505889449930083
9.119119119119118
-0.9536488999116506
9.129129129129128
-0.9566132997219366
9.139139139139138
-0.9594818473925953
9.149149149149148
-0.9622542554966882
9.159159159159158
-0.96493024624041
9.169169169169168
-0.9675095514909233
9.179179179179178
-0.9699919128032254
9.189189189189188
-0.9723770814460437
9.199199199199198
-0.9746648184267594
9.209209209209208
-0.976854894515354
9.219219219219218
-0.9789470902673778
9.229229229229228
-0.9809411960459385
9.239239239239238
-0.9828370120427063
9.249249249249248
-0.9846343482979353
9.259259259259258
-0.9863330247194962
9.269269269269268
-0.9879328711009229
9.279279279279278
-0.9894337271384657
9.289289289289288
-0.9908354424471545
9.299299299299298
-0.9921378765758672
9.309309309309308
-0.9933408990214023
9.319319319319318
-0.9944443892415562
9.329329329329328
-0.9954482366672006
9.339339339339338
-0.9963523407133615
9.349349349349348
-0.9971566107892986
9.359359359359358
-0.9978609663075816
9.369369369369368
-0.9984653366921651
9.379379379379378
-0.9989696613854608
9.389389389389388
-0.9993738898544048
9.399399399399398
-0.9996779815955215
9.409409409409408
-0.9998819061389812
9.419419419419418
-0.9999856430516542
9.429429429429428
-0.9999891819391574
9.439439439439438
-0.9998925224468963
9.449449449449448
-0.9996956742601001
9.459459459459458
-0.9993986571028515
9.469469469469468
-0.9990015007361105
9.479479479479478
-0.998504244954732
9.489489489489488
-0.9979069395834785
9.499499499499498
-0.9972096444720282
9.509509509509508
-0.996412429488977
9.519519519519518
-0.9955153745148388
9.529529529529528
-0.994518569434041
9.539539539539538
-0.9934221141259182
9.549549549549548
-0.992226118454704
9.559559559559558
-0.9909307022585235
9.569569569569568
-0.9895359953373849
9.579579579579578
-0.9880421374401736
9.589589589589588
-0.9864492782506499
9.599599599599598
-0.9847575773724502
9.609609609609608
-0.9829672043130955
9.619619619619618
-0.9810783384670062
9.629629629629628
-0.979091169097527
9.639639639639638
-0.9770058953179631
9.649649649649648
-0.9748227260716291
9.659659659659658
-0.9725418801109125
9.669669669669668
-0.9701635859753556
9.679679679679678
-0.9676880819687551
9.689689689689688
-0.9651156161352852
9.699699699699698
-0.9624464462346427
9.709709709709708
-0.9596808397162203
9.719719719719718
-0.9568190736923081
9.729729729729728
-0.9538614349103268
9.739739739739738
-0.9508082197240966
9.749749749749748
-0.9476597340641415
9.759759759759758
-0.9444162934070363
9.769769769769768
-0.9410782227437954
9.779779779779778
-0.9376458565473093
9.789789789789788
-0.9341195387388301
9.799799799799798
-0.9304996226535112
9.809809809809808
-0.9267864710050029
9.819819819819818
-0.9229804558491094
9.829829829829828
-0.9190819585465081
9.839839839839838
-0.9150913697245382
9.849849849849848
-0.9110090892380595
9.859859859859858
-0.9068355261293874
9.869869869869868
-0.9025710985873074
9.879879879879878
-0.8982162339051725
9.889889889889888
-0.8937713684380881
9.899899899899898
-0.8892369475591906
9.909909909909908
-0.8846134256150203
9.919919919919918
-0.8799012658799965
9.929929929929928
-0.8751009405099978
9.939939939939938
-0.8702129304950518
9.949949949949948
-0.8652377256111408
9.959959959959958
-0.8601758243711259
9.969969969969968
-0.8550277339747973
9.979979979979978
-0.8497939702580514
9.989989989989988
-0.8444750576412062
9.999999999999998
-0.8390715290764534
